1 4657
 2900
 2333
 3029
 4800
 4801
 1894
 1895
 5069
 2833
 2834
 3343
 3344
 3955
 4734
 3000
 5004
 4969
 1918
 1919
 4842
 4171
 4659
 2205
 1923
 2219
 2403
 1981
 1924
 2436
 2000
 1980
 1863
 2171
 4300
 3584
 2170
 3696
 2169
 2756
 1862
 3585
 4947
 2009
 3615
 3583
 4594
 2008
 3614
 4970
 2755
 3741
 4593
 4030
 3735
 4357
 4358
 3738
 4981
 3736
 4982
 4355
 4983
 3737
 3740
 4980
 3739
 4948
 3742
 3744
 3745
 3743
 4356
 4984
 705
 1082
 3462
 1254
 170
 1601
 1808
 3993
 270
 2411
 3162
 229
 2711
 559
 952
 1704
 2800
 484
 1658
 1073
 1977
 1663
 3629
 129
 2764
 1385
 4073
 3176
 3348
 1539
 4020
 4265
 2005
 1749
 3384
 1927
 3301
 2920
 446
 2418
 4400
 930
 2238
 335
 1381
 4022
 2156
 146
 2811
 1190
 2855
 2600
 752
 187
 1910
 666
 1130
 5055
 1464
 2144
 2058
 1203
 321
 3037
 254
 2630
 979
 595
 1399
 3173
 843
 2470
 1142
 828
 3149
 2432
 663
 4730
 2405
 1758
 1971
 1562
 2937
 3252
 3586
 2215
 4456
 4317
 1451
 637
 2631
 2881
 1021
 3332
 390
 2355
 1008
 961
 1033
 862
 795
 885
 3606
 1731
 2175
 1691
 1266
 3806
 1167
 243
 1099
 2989
 4931
 1348
 3711
 360
 2905
 3801
 143
 1564
 1871
 190
 2473
 1715
 3960
 4641
 3284
 2504
 3422
 1476
 1112
 318
 2569
 876
 1763
 2448
 3090
 1546
 3773
 1118
 2136
 3428
 1660
 4177
 1587
 351
 1273
 1960
 1327
 572
 4204
 2568
 1002
 1628
 2643
 1117
 323
 406
 4346
 2421
 2106
 4314
 1181
 956
 4071
 4838
 1035
 3978
 2034
 259
 3570
 3536
 3035
 1688
 2045
 1522
 3764
 907
 1675
 3093
 4074
 3072
 2866
 2763
 316
 125
 2203
 3710
 994
 1868
 2840
 2232
 526
 1747
 1384
 3690
 4137
 2316
 3472
 2941
 1456
 3843
 2428
 2793
 2505
 1806
 2413
 1444
 949
 3220
 20
 309
 791
 4141
 8
 3434
 1635
 1218
 1448
 1532
 150
 923
 4188
 1406
 1156
 1828
 176
 3134
 2346
 1084
 3236
 306
 4666
 2618
 976
 1617
 2950
 3105
 3273
 1051
 1972
 1989
 3267
 2070
 739
 3982
 1201
 2026
 1258
 1410
 476
 3928
 1630
 1797
 2036
 1400
 1140
 4796
 531
 3269
 1182
 2534
 1482
 1012
 2875
 3514
 2560
 3626
 5041
 1260
 3118
 80
 2394
 2876
 2789
 3593
 404
 1650
 2
 197
 1157
 2149
 359
 1847
 1305
 757
 929
 1149
 1342
 300
 1434
 2373
 1848
 1947
 2913
 2240
 207
 2553
 1998
 3987
 1322
 3827
 3867
 1855
 2247
 2514
 2142
 3053
 1379
 964
 2960
 626
 821
 679
 621
 3230
 68
 1648
 2608
 494
 2076
 497
 1721
 529
 3913
 1105
 3842
 44
 2304
 1017
 3278
 2287
 2961
 2588
 1104
 915
 3367
 2479
 2069
 2280
 3158
 2721
 3707
 557
 858
 2697
 83
 2742
 1283
 2665
 3215
 4272
 2457
 892
 1199
 1437
 3159
 3554
 2063
 2889
 1470
 64
 3216
 2611
 4273
 2370
 687
 3439
 117
 1811
| 4145
 428
 1879
 3112
 3804
 139
 436
 2579
 2424
 508
 2740
 200
 1390
 2522
 1770
 1987
 1467
 3620
 1662
 1488
 1081
 689
 3110
 2347
 2160
 1801
 36
 3730
 2426
 2489
 4031
 2485
 1186
 1376
 2519
 5049
 2388
 2984
 3663
 1131
 2090
 3010
 1300
 500
 1973
 2458
 477
 1515
 3050
 2741
 2404
 61
 2291
 1548
 1988
 4062
 3039
 1427
 3915
 4207
 1943
 3716
 3460
 1729
 1311
 4579
 2959
 4331
 2638
 842
 119
 2227
 2943
 2206
 925
 784
 1261
 250
 2325
 1347
 870
 4219
 324
 31
 1072
 1477
 4496
 699
 625
 1109
 232
 1270
 922
 1531
 1298
 2709
 831
 1419
 2174
 213
 1836
 1380
 1538
 2804
 223
 2775
 1760
 1823
 112
 2628
 239
 845
 77
 1786
 1798
 1475
 3520
 2020
 729
 2242
 3580
 538
 212
 2463
 3797
 196
 2687
 2077
 23
 16
 3509
 1294
 1003
 499
 2348
 2300
 1900
 1123
 1077
 2173
 2066
 895
 3559
 3692
 3930
 3259
 1623
 1415
 90
 3203
 1206
 861
 563
 1723
 3002
 3493
 4103
 4179
 1268
 299
 1516
 4686
 1509
 662
 5008
 3006
 1600
 609
 2208
 3147
 2933
 4865
 1287
 1640
 3245
 2924
 1490
 1007
 2812
 1009
 2604
 4437
 3088
 869
 3598
 3537
 478
 920
 1673
 970
 1281
 1939
 2598
 3819
 380
 948
 1716
 46
 1722
 1782
 584
 53
 2953
 1898
 1333
 1426
 1284
 1632
 1196
 3286
 2865
 3571
 133
 946
 2211
 3121
 126
 768
 2268
 2132
 3154
 2102
 3809
 2471
 495
 1792
 4264
 771
 1147
 1396
 908
 960
 4142
 1325
 2476
 218
 350
 2623
 1880
 1778
 2902
 1224
 3726
 4242
 942
 4421
 4453
 4630
 22
 1768
 1969
 1465
 1346
 4330
 4222
 5040
 2726
 2700
 4760
 2737
 3014
 2271
 1845
 4418
 3774
 2675
 3338
 3155
 2431
 3529
 1304
 2402
 12
 411
 982
 283
 3028
 4747
 1207
 4885
 317
 2689
 4534
 1570
 539
 3107
 136
 4209
 2369
 1316
 2006
 3097
 3103
 480
 1153
 177
 262
 1018
 1413
 1459
 642
 1368
 954
 1948
 2017
 315
 2978
 880
 271
 2565
 1498
 1231
 1179
 465
 1433
 848
 2744
 1550
 1803
 2892
 4455
 3973
 2663
 116
 2870
 421
 3004
 3822
 4584
 1744
 308
 2065
 2472
 3114
 3346
 1246
 373
 710
 3734
 2791
 1804
 587
 1462
 2669
 3106
 2544
 877
 388
 1794
 3370
 1817
 2453
 1505
 775
 566
 2118
 2050
 801
 787
 2707
 2340
 4255
 2685
 2827
 3291
 1669
 3601
 1512
 2272
 2134
 151
 1802
 2942
 1824
 1098
 3383
 2252
 2443
 2576
 3319
 4935
 2377
 4480
 2664
 738
 2075
 1893
 28
 2007
 2004
 1064
 1733
 432
 2851
 510
 824
 1094
 588
 4682
 517
 1781
 2440
 1656
 2429
 3166
 398
 376
 2266
 3800
 2164
 3124
 166
 1141
 1986
 3549
 3398
 2695
 1489
 104
 2802
 210
 2642
 2672
 1065
 1015
 3307
 3265
 1323
 238
 1873
 3401
 3792
 4848
 84
 2212
 4223
 1542
 443
 1754
 2284
 142
 685
 756
 1575
 2486
 2450
 3980
 4218
 452
 377
 1752
 56
 4256
 3059
 1870
 4296
 62
 591
 513
 940
 135
 89
 19
 4597
 4151
 3148
 3449
 1457
 370
 607
 786
 3280
 4034
 1119
 3141
 418
 2021
 2524
 2686
 3688
 3033
 169
 79
 2779
 2380
 1839
 2705
 3052
 3242
 473
 1318
 1137
 1759
 3547
 3324
 2537
 1627
 4450
 1389
 1765
 1024
 697
 4658
 266
 1553
 709
 989
 1299
 1501
 3587
 2776
 2323
 2089
 1154
 1777
 3545
 1784
 1315
 3703
 123
 137
 696
 340
 582
 1925
 2354
 996
 1087
 1321
 459
 1004
 3295
 3191
 950
 3510
 3588
 818
 2973
 3854
 1172
 2460
 3309
 2536
 2359
 1703
 1039
 4923
 1869
 3058
 1334
 2792
 305
 503
 3031
 140
 686
 3360
 246
 38
 3605
 3660
 1075
 2101
 2060
 3429
 1831
 2397
 1529
 1645
 386
 1236
 612
 1720
 3390
 2154
 3300
 1961
 1952
 2343
 1905
 2250
 2123
 1942
 2852
 1865
 2331
 4347
 1418
 855
 4203
 148
 1392
 1301
 2248
 1027
 1574
 1764
 4720
 1511
 1966
 91
 502
 640
 1286
 4985
 3959
 1563
 1965
 2872
 829
 2416
 1277
 1649
 332
 240
 2344
 800
 1111
 3532
 2282
 356
 2730
 2128
 871
 3026
 2283
 2662
 1826
 629
 530
 874
 1975
 2657
 886
 1479
 1241
 181
 327
 680
 1223
 535
 2163
 4197
 3494
 2184
 3695
 2843
 1679
 623
 2352
 695
 2469
 636
 423
 1838
 564
 39
 3377
 1572
 4932
 2430
 1500
 1177
 233
 209
 1982
 2126
 434
 2860
 1330
 261
 888
 2894
 249
 2682
 516
 571
 2449
 3912
 4978
 2028
 4093
 4250
 407
 97
 1773
 314
 4551
 3836
 3200
 1463
 2119
 4115
 602
 1523
 4312
 3490
 3258
 2140
 1349
 601
 978
 628
 714
 1944
 1313
 934
 3299
 1791
 1757
 1585
 3018
 290
 4189
 2172
 3853
 3858
 2582
 4263
 1057
 1573
 2290
 910
 1239
 972
 5
 149
 15
 926
 681
 847
 2698
 724
 1185
 325
 2767
 427
 472
 2366
 2423
 371
 3841
 2699
 2962
 1496
 202
 774
 2091
 4343
 253
 3634
 2182
 346
 3271
 2986
 2335
 639
 677
 296
 307
 1655
 289
 4167
 676
 1252
 456
 1370
 60
 2929
 235
 2138
 1657
 4168
 2661
 2192
 3552
 544
 2572
 384
 973
 918
 1068
 2080
 400
 3632
 528
 593
 2946
 4913
 2345
 1524
 159
 682
 3497
 3281
 1718
 3122
 841
 3062
 430
 1307
 648
 2385
 2155
 945
 599
 1404
 3939
 678
 1712
 1096
 1561
 157
 3635
 4716
 2378
 1857
 3694
 2805
 3550
 3241
 237
 1795
 2329
 1235
 2419
 4472
 716
 744
 1684
 540
 280
 1959
 155
 1037
 234
 3233
 2781
 34
 2053
 2935
 429
 2728
 2998
 512
 2603
 1540
 1106
 3179
 4692
 1519
 211
 2365
 2239
 184
 3226
 3235
 2236
 1388
 1741
 608
 2030
 2246
 1581
 2196
 2179
 3172
 4178
 4475
 3517
 610
 4883
 1240
 2257
 1358
 2217
 897
 9
 3647
 1762
 256
 410
 3289
 2627
 138
 1560
 2801
 987
 826
 1840
 3095
 1136
 3548
 76
 1753
 3989
 2386
 1163
 467
 464
 707
 1040
 3196
 3832
 279
 921
 1829
 3294
 2114
 2625
 1499
 1844
 401
 132
 1022
 2401
 344
 2278
 1080
 1514
 66
 4653
 1693
 1192
 358
 4979
 2887
 569
 545
 2374
 4089
 3728
 834
 935
 3481
 1835
 1197
 527
 4709
 205
 1602
 646
 792
 3395
 33
 790
 1144
 1414
 1320
 3813
 4313
 1014
 408
 1636
 3563
 3261
 1343
 534
 1751
 3419
 4261
 596
 4029
 1837
 660
 613
 898
 4276
 3544
 3661
 214
 3064
 4092
 2567
 3506
 4298
 575
 4306
 864
 439
 3933
 1431
 63
 720
 1796
 672
 803
 1537
 127
 1372
 2927
 2639
 2064
 522
 691
 1212
 851
 1019
 4010
 3186
 2732
 1484
 905
 3916
 4674
 4792
 3949
 1362
 3185
 4301
 42
 547
 1214
 435
 1237
 1647
 3856
 664
 1785
 2111
 3055
 2381
 4532
 3642
 1103
 3161
 2743
 1685
 4784
 654
 1279
 3857
 2148
 1582
 2220
 1819
 1875
 1366
 2254
 287
 1026
 3092
 2808
 2230
 269
 2991
 2798
 1408
 2988
 3830
 444
 1367
 1429
 3327
 1005
 3513
 109
 10
 2464
 4066
 21
 1306
 1152
 903
 810
 1070
 1360
 2914
 2796
 3566
 2276
 4493
 458
 1453
 770
 712
 4190
 647
 955
 2606
 1967
 1312
 3704
 158
 2112
 1842
 2339
 1618
 1683
 4406
 1350
 3981
 1599
 2459
 4425
 713
 1256
 504
 3456
 2830
 794
 3604
 1700
 4013
 2949
 1055
 733
 1717
 4997
 3354
 3399
 3876
 2414
 715
 1351
 3392
 3665
 1914
 49
 737
 1922
 1074
 3175
 1079
 2766
 1291
 445
 2613
 2753
 1707
 3049
 1945
 173
 1230
 2158
 3653
 1985
 2308
 2481
 3909
 1901
 2305
 2903
 1468
 2188
 3266
 977
 2919
 3437
 1954
 2360
 1807
 1264
 1565
 3023
 548
 1127
 257
 3944
 4934
 3538
 2407
 3333
 2999
 635
 797
 4651
 2807
 3349
 179
 2739
 3279
 3366
 268
 746
 2237
 3543
 387
 3785
 2845
 2231
 1146
 3888
 5073
 653
 3169
 553
 1903
 220
 3038
 514
 3219
 3228
 2086
 3157
 815
 555
 1025
 4719
 206
 192
 4497
 1654
 4546
 4960
 288
 2051
 3036
 3054
 431
 2204
 4018
 1513
 1310
 2884
 48
 3117
 1162
 2559
 2873
 3254
 4408
 1220
 2963
 2281
 1016
 761
 1107
 1592
 1309
 3821
 853
 108
 1761
 549
 4366
 975
 2589
 4106
 1556
 2715
 1442
 3678
 3116
 1917
 4257
 107
 4224
 4929
 4076
 1010
 965
 2087
 755
 2213
 3491
 3296
 638
 3123
 2909
 381
 2484
 4135
 334
 3963
 2846
 3507
 2877
 2032
 3440
 1053
 1219
 3340
 3466
 4508
 2406
 1210
 2788
 894
 537
 182
 567
 115
 4293
 111
 2441
 4775
 331
 1825
 337
 525
 2499
 1858
 1028
 3128
 4678
 2511
 3621
¡ 1935
¢ 2439
£ 2626
¤ 3288
¥ 1336
¦ 4172
§ 2410
¨ 4627
© 2202
ª 2581
« 2752
¬ 2393
­ 4087
® 830
¯ 1335
° 4687
± 3833
² 2135
³ 2367
´ 1881
µ 2294
¶ 2099
· 217
¸ 2079
¹ 2895
º 4487
» 577
¼ 519
½ 2039
¾ 2880
¿ 4288
 2841
 3102
 2299
 839
 2896
 2274
 2921
 1409
 3607
 1164
 483
 2309
 624
 2679
 3814
 3475
 4332
 2543
 348
 2318
 1386
 4755
 562
 2549
 4077
 3616
 3671
 1044
 2818
 2853
 2267
 2251
 3407
 3218
 928
 1999
 2563
 2228
 983
 2619
 2190
 195
 4235
 361
 1280
 1472
 812
 2035
 726
 50
 658
 611
 2153
 2714
 3152
 3975
 558
 2083
 2757
 2216
 2259
á 4787
â 3217
ã 1394
ä 1899
å 1473
æ 2293
ç 4026
è 2554
é 2115
ê 2296
ë 1737
ì 941
í 4810
î 3699
ï 2062
ð 1447
ñ 1378
ò 1883
ó 1158
ô 164
õ 3991
ö 3302
÷ 2016
ø 3612
ù 730
ú 1878
û 134
ü 1089
ý 1233
þ 3681
ÿ 41
 590
 2573
 3882
 1267
 2770
 413
 1387
 1
 3025
 1374
 4481
 1928
 3372
 1086
 2214
 2868
 2417
 2704
 4583
 1436
 3505
 2538
 717
 1543
 2127
 3613
 1713
 298
 1176
 2575
 2545
 3406
 1050
 819
 3709
 3005
 276
 1902
 1244
 3652
 4636
 3753
 1393
 2658
 1629
 4548
 1812
 71
 4906
 4282
 2038
 4011
 3260
 186
 3234
 1743
 2727
 27
 614
 2644
 2074
ġ 1497
Ģ 3546
ģ 1678
Ĥ 2836
ĥ 760
Ħ 2547
ħ 1962
Ĩ 2557
ĩ 1043
Ī 1815
ī 2003
Ĭ 1195
ĭ 2483
Į 313
į 385
İ 2916
ı 1421
Ĳ 2688
ĳ 330
Ĵ 4310
ĵ 2809
Ķ 2803
ķ 1604
ĸ 511
Ĺ 1597
ĺ 1993
Ļ 2673
ļ 3519
Ľ 2591
ľ 645
Ŀ 304
 3761
 1129
 3051
 782
 957
 1324
 3630
 152
 3213
 1359
 1417
 319
 1428
 1638
 1114
 1085
 550
 2167
 1694
 347
 178
 1340
 4032
 162
 1364
 939
 3436
 281
 3910
 2364
 2835
 498
 2334
 2398
 144
 2980
 2992
 1566
 3591
 3297
 4702
 448
 3032
 4625
 4180
 793
 1132
 2952
 1060
 2977
 2201
 3469
 4529
 3656
 3330
 320
 4436
 4414
 937
 1225
š 2854
Ţ 4114
ţ 1134
Ť 2200
ť 1725
Ŧ 1916
ŧ 4046
Ũ 2109
ũ 1160
Ū 1486
ū 1705
Ŭ 873
ŭ 2319
Ů 507
ů 781
Ű 1964
ű 3592
Ų 2957
ų 2072
Ŵ 3047
ŵ 2392
Ŷ 811
ŷ 1926
Ÿ 4132
Ź 3573
ź 4538
Ż 3170
ż 282
Ž 4025
ž 3922
ſ 3402
 893
 3202
 349
 2955
 1228
 294
 734
 2125
 4072
 1338
 554
 2615
 1559
 3870
 719
 1882
 1357
 900
 3362
 3113
 303
 4876
 2979
 2435
 3431
 3328
 2151
 3495
 1337
 1401
 3120
 852
 3767
 2893
 1126
 974
 2667
 3322
 2165
 1877
 3649
 3135
 1711
 2936
 2749
 2108
 183
 4937
 4048
 2947
 597
 3003
 1503
 455
 4154
 3898
 365
 2222
 798
 2954
 3687
ơ 3089
Ƣ 1702
ƣ 2362
Ƥ 1293
ƥ 1344
Ʀ 4615
Ƨ 2379
ƨ 3845
Ʃ 3373
ƪ 1211
ƫ 1732
Ƭ 462
ƭ 809
Ʈ 2117
Ư 1161
ư 2477
Ʊ 301
Ʋ 3211
Ƴ 4187
ƴ 1383
Ƶ 1867
ƶ 766
Ʒ 661
Ƹ 1800
ƹ 3361
ƺ 2670
ƻ 2620
Ƽ 3356
ƽ 355
ƾ 999
ƿ 2181
 493
 2512
 1329
 2754
 1045
 704
 1097
 1956
 382
 4174
 2383
 1997
 1171
 1779
 2831
 1780
 4336
 2641
 3227
 1571
 2399
 1180
 1833
 2194
 3019
 3446
 426
 776
 2491
 2629
 1110
 1841
 1676
 1425
 4166
 4664
 29
 1558
 1041
 769
 2328
 2759
 3229
 492
 718
 2585
 2735
 1941
 194
 1166
 3618
 708
 1242
 2964
 2445
 1508
 785
 3008
 1046
 604
 2874
 4100
 4234
ǡ 2052
Ǣ 2044
ǣ 1955
ǥ 4942
Ǧ 2541
ǧ 799
Ǩ 1278
ǩ 1920
Ǫ 4509
ǫ 1416
Ǭ 1620
ǭ 3013
Ǯ 594
ǯ 3321
ǰ 118
Ǳ 1122
ǲ 1856
ǳ 2731
Ǵ 3136
ǵ 3990
Ƕ 3243
Ƿ 804
Ǹ 825
ǹ 1755
Ǻ 3929
ǻ 1506
Ǽ 5031
ǽ 1115
Ǿ 4726
ǿ 542
 165
 3666
 3063
 2490
 1308
 1626
 2330
 1483
 2189
 4017
 3145
 1606
 3143
 3066
 2474
 943
 4324
 1000
 4019
 2100
 2666
 641
 556
 2224
 1818
 1208
 2816
 4088
 1059
 3144
 3503
 447
 759
 2427
 2130
 2993
 1251
 4506
 1726
 3628
 105
 1461
 967
 1904
 2245
 669
 1063
 3125
 3283
 392
 58
 3967
 3654
 1276
 312
 850
 1949
 764
 2264
 1907
ȡ 374
Ȣ 2599
ȣ 4601
Ȥ 1205
ȥ 603
Ȧ 1984
Ȩ 441
ȩ 4794
Ȫ 747
ȫ 485
Ȭ 3337
ȭ 906
Ȯ 3522
ȯ 1491
Ȱ 1455
ȱ 509
Ȳ 5047
ȳ 3755
ȴ 415
ȵ 2494
ȶ 4459
ȷ 25
ȸ 1250
ȹ 2361
Ⱥ 944
Ȼ 216
ȼ 2056
Ƚ 2671
Ⱦ 2265
ȿ 3879
 2183
 3986
 1090
 226
 694
 2513
 1446
 702
 160
 4987
 2176
 0
 520
 2976
 383
 242
 3250
 3610
 4370
 106
 1102
 736
 3314
 4362
 3181
 753
 402
 1745
 2207
 437
 3528
 3733
 2462
 1226
 336
 2971
 4897
 1607
 3859
 460
 916
 1445
 4419
 1076
 4715
 265
 3798
 867
 2970
 1430
 4752
 193
 762
 543
 2654
 2141
 3168
 1646
 1661
 339
 1198
ɡ 3640
ɢ 518
ɣ 2550
ɤ 2037
ɥ 1108
ɦ 2395
ɧ 3076
ɨ 1596
ɩ 3177
ɪ 2751
ɫ 980
ɬ 3189
ɭ 2270
ɮ 2934
ɯ 2819
ɰ 4054
ɱ 703
ɲ 1295
ɳ 1466
ɴ 701
ɵ 3313
ɶ 985
ɷ 2783
ɸ 3342
ɹ 2508
ɺ 2235
ɻ 4461
ɼ 2500
ɽ 311
ɾ 2782
ɿ 2769
 3779
 292
 1906
 2438
 2858
 3376
 859
 3465
 2552
 3065
 4333
 241
 425
 991
 4886
 208
 1696
 2985
 3724
 2185
 1460
 2043
 2922
 3820
 4186
 367
 1690
 2891
 1830
 2478
 3238
 1296
 2180
 1577
 3911
 1637
 2159
 3138
 2269
 671
 440
 3818
 966
 3298
 1701
 65
 40
 3611
 3516
 1125
 2785
 589
 4266
 968
 2696
 1742
 1609
 215
 4
 1978
 354
 882
 2882
ʡ 735
ʢ 1175
ʣ 1730
ʤ 1568
ʥ 1253
ʦ 258
ʧ 224
ʨ 884
ʩ 778
ʪ 962
ʫ 631
ʬ 2859
ʮ 902
ʯ 310
ʰ 3292
ʱ 180
ʲ 163
ʳ 490
ʴ 1058
ʵ 26
ʶ 505
ʷ 1128
ʸ 2847
ʹ 860
ʺ 45
ʻ 649
ʼ 130
ʽ 836
ʾ 1471
ʿ 67
 278
 3645
 85
 3518
 3386
 1951
 1083
 6
 3022
 3715
 1243
 3275
 1979
 1227
 2713
 2263
 403
 2390
 1402
 536
 741
 93
 110
 99
 1095
 1692
 2042
 883
 576
 1101
 2647
 2233
 1915
 3205
 1143
 3198
 297
 2014
 998
 2967
 2412
 11
 3902
 1750
 541
 2336
 1580
 2375
 1921
 3964
 2084
 675
 236
 1245
 1006
 1861
 2253
 2837
 2823
 4376
 532
 4378
ˡ 3781
ˢ 1424
ˣ 2710
ˤ 2607
˥ 2586
˦ 2277
˧ 2113
˨ 3600
˩ 2883
˪ 2342
˫ 1071
ˬ 1263
˭ 167
ˮ 461
˯ 1551
˰ 727
˱ 4221
˲ 3083
˳ 1405
˴ 3485
˵ 3
˶ 2850
˷ 3458
˸ 3068
˹ 2067
˺ 3524
˻ 3206
˼ 450
˽ 568
˾ 419
˿ 1790
 573
 1963
 2926
 2760
 1832
 1671
 37
 1100
 5037
 1594
 2738
 4853
 2972
 779
 1526
 2899
 1567
 2137
 1888
 3947
 2073
 3174
 1634
 267
 1686
 3878
 4498
 1641
 3499
 1576
 174
 221
 2187
 4090
 244
 156
 3282
 487
 3111
 2719
 1247
 198
 3568
 2082
 4185
 3958
 1036
 1116
 2780
 4789
 2516
 4783
 1365
 3918
 2162
 1616
 121
 3027
 54
 396
 24
 1403
̡ 3224
̢ 4379
̣ 4528
̤ 1302
̥ 1736
̦ 1056
̧ 1290
̨ 1474
̩ 1996
̪ 4986
̫ 833
̬ 887
̭ 1440
̮ 2368
̯ 878
̰ 1583
̱ 3427
̲ 891
̳ 2562
̴ 3609
̵ 2692
̶ 2243
̷ 2012
̸ 765
̹ 1504
̺ 2055
̻ 3966
̼ 3108
̽ 1876
̾ 1194
̿ 1739
 1813
 3119
 3644
 993
 3886
 3060
 1525
 1714
 2071
 2839
 2677
 1605
 3171
 1285
 2314
 2262
 4003
 3498
 863
 901
 1439
 2465
 1202
 1412
 128
 2324
 2166
 1319
 4902
 1423
 773
 3164
 4149
 471
 103
 4118
 1665
 329
 1595
 3597
 2724
 4243
 4788
 3951
 247
 1769
 2650
 185
 1651
 2306
 3923
 3479
 772
 154
 3896
 2676
 632
 1023
 754
 2578
 1521
 816
 4320
͡ 4059
͢ 2425
ͣ 488
ͤ 657
ͥ 992
ͦ 1314
ͧ 1890
ͨ 606
ͩ 2725
ͪ 2210
ͫ 3675
ͬ 227
ͭ 3129
ͮ 4477
ͯ 767
Ͱ 3602
ͱ 4231
Ͳ 2054
ͳ 201
ʹ 849
͵ 1738
Ͷ 189
ͷ 561
͸ 1232
͹ 2651
ͺ 3504
ͻ 1013
ͼ 1183
ͽ 1478
; 805
Ϳ 1774
 2879
 95
 2191
 3223
 3457
 466
 1275
 3272
 924
 4473
 2107
 813
 2918
 2797
 4968
 1534
 627
 986
 2813
 3190
 3100
 2523
 3285
 1727
 2120
 3851
 1361
 3708
 2322
 1968
 913
 2765
 4138
 3805
 78
 2864
 2351
 1852
 1493
 1820
 2129
 3109
 245
 1615
 1940
 1614
 2683
 2621
 2025
 2059
 1139
 3572
 2539
 1864
 579
 1588
 1853
 293
 1174
 225
 914
 1432
 343
Ρ 2110
΢ 1020
Σ 758
Τ 3534
Υ 1554
Φ 4722
Χ 896
Ψ 1303
Ω 3043
Ϊ 69
Ϋ 4094
ά 1093
έ 2634
ή 2703
ί 763
ΰ 70
α 1238
β 1297
γ 2298
δ 87
ε 2315
ζ 981
η 1355
θ 2681
ι 3188
κ 2022
λ 75
μ 2614
ν 1038
ξ 4096
ο 1698
 203
 3435
 780
 3433
 469
 1042
 3574
 3906
 379
 1191
 102
 4111
 2723
 3276
 3007
 4007
 1938
 2990
 30
 1544
 1983
 1124
 2229
 3718
 3569
 700
 1584
 565
 881
 222
 1946
 2415
 2857
 1849
 3396
 1069
 1827
 3496
 1793
 1369
 219
 3625
 3209
 4341
 2771
 3582
 515
 1452
 673
 802
 832
 2762
 2649
 1271
 47
 3672
 1502
 5011
 364
 3057
 353
ϡ 1719
Ϣ 1145
ϣ 274
Ϥ 1377
ϥ 2350
Ϧ 1535
ϧ 1048
Ϩ 4075
ϩ 1872
Ϫ 1062
ϫ 3680
Ϭ 2795
ϭ 3312
Ϯ 2777
ϯ 1933
ϰ 252
ϱ 2468
ϲ 260
ϳ 4373
ϴ 2255
ϵ 124
϶ 3132
Ϸ 822
ϸ 1170
Ϲ 3512
Ϻ 3810
ϻ 3697
ϼ 3353
Ͻ 3041
Ͼ 2279
Ͽ 1552
 3577
 951
 113
 3030
 1846
 690
 2321
 3846
 100
 931
 1809
 2437
 1789
 574
 674
 4116
 997
 4798
 1624
 2382
 581
 389
 231
 81
 1121
 2574
 2356
 2655
 3133
 2595
 1148
 938
 422
 3508
 3556
 868
 1215
 3096
 1896
 284
 3086
 1958
 1169
 286
 369
 644
 362
 2556
 1740
 958
 277
 807
 3388
 2152
 3869
 1821
 3432
 2515
 1909
 420
 2593
 4360
 2409
С 255
Т 2632
У 827
Ф 2901
Х 3662
Ц 1216
Ч 482
Ш 3786
Щ 433
Ъ 1282
Ь 984
Э 424
Ю 2085
Я 2609
а 2674
б 2768
в 1454
г 889
д 620
е 1173
ж 2122
з 3823
и 1652
й 2778
к 2131
л 751
м 2234
н 3336
о 3581
п 3689
 990
 995
 273
 5071
 32
 600
 3782
 1612
 2133
 3748
 4976
 560
 1590
 837
 501
 3780
 322
 1670
 1262
 3156
 372
 667
 1066
 1341
 1078
 3365
 2317
 1188
 3098
 688
 947
 1375
 2910
 4368
 3268
 1151
 904
 3979
 3617
 4342
 936
 1184
 3890
 352
 2258
 749
 2312
 4124
 2408
 1672
 1598
 740
 2337
 2981
 2861
 2387
 479
 2862
 2518
 969
 1976
 1545
 2577
ѡ 454
Ѣ 4580
ѣ 3934
Ѥ 2451
ѥ 2093
Ѧ 2531
ѧ 251
Ѩ 963
ѩ 1332
Ѫ 13
ѫ 3477
Ѭ 3137
ѭ 1728
Ѯ 2948
ѯ 1681
Ѱ 706
ѱ 4598
Ѳ 1507
ѳ 1995
Ѵ 1889
ѵ 1067
Ѷ 1891
ѷ 3210
Ѹ 1892
ѹ 777
Ѻ 1603
ѻ 3717
Ѽ 2146
ѽ 171
Ѿ 4402
ѿ 3115
 693
 2928
 3044
 2555
 1517
 732
 1851
 3527
 2583
 1974
 3970
 659
 3087
 1481
 55
 533
 3151
 2015
 1441
 932
 1619
 2168
 1352
 622
 3631
 1822
 338
 2708
 823
 3393
 2832
 1930
 2480
 4365
 3231
 4846
 3525
 3551
 1520
 1397
 742
 3619
 1274
 3892
 3839
 2049
 1326
 1217
 3752
 2570
 1353
 1407
 2177
 1487
 2094
 586
 368
 3562
 2121
 2349
 4086
 3777
ҡ 1391
Ң 2750
ң 1611
Ҥ 1621
ҥ 3024
Ҧ 2890
ҧ 1557
Ҩ 4891
ҩ 651
Ҫ 57
ҫ 1885
Ҭ 4107
ҭ 4372
Ү 1934
ү 1288
Ұ 1168
ұ 2945
Ҳ 51
ҳ 2461
Ҵ 2718
ҵ 583
Ҷ 1992
ҷ 1990
Ҹ 4591
ҹ 2124
Һ 2193
һ 7
Ҽ 4193
ҽ 650
Ҿ 4569
ҿ 4205
 643
 2273
 2186
 4157
 2622
 1642
 2384
 1936
 4297
 2195
 3255
 728
 1331
 3766
 2897
 4329
 2911
 451
 1816
 2597
 578
 585
 2722
 438
 2958
 3871
 1843
 1908
 3323
 1608
 2925
 2105
 3972
 656
 1695
 1766
 73
 94
 1354
 1492
 615
 722
 2116
 409
 2391
 3539
 2610
 3347
 2275
 745
 1569
 634
 2520
 3329
 1929
 1411
 3017
 3358
 2358
 2653
 988
 1756
ӡ 806
Ӣ 1555
ӣ 2817
Ӥ 3187
ӥ 2161
Ӧ 397
ӧ 3731
Ө 3413
ө 4539
Ӫ 731
ӫ 2794
Ӭ 3659
ӭ 228
Ӯ 879
ӯ 2292
Ӱ 43
ӱ 1687
Ӳ 783
ӳ 1533
Ӵ 1530
ӵ 285
Ӷ 3977
ӷ 474
Ӹ 5059
ӹ 1633
Ӻ 4488
ӻ 3762
ӽ 3194
Ӿ 890
ӿ 748
 1213
 5042
 551
 88
 1047
 1150
 2303
 788
 1363
 394
 2226
 3683
 856
 417
 840
 4161
 92
 721
 1292
 2773
 3931
 846
 295
 2969
 3167
 2694
 82
 4699
 3768
 3075
 1613
 3081
 1395
 2197
 3080
 264
 2734
 2848
 2295
 4727
 1485
 838
 796
 14
 2244
 3104
 2529
 552
 3410
 2357
 1536
 4610
 1697
 1450
 854
 3253
 2923
 2825
 1677
 789
 3714
 275
 1518
ԡ 2147
Ԣ 3009
ԣ 2820
Ԥ 1435
ԥ 857
Ԧ 1699
ԧ 3891
Ԩ 2617
ԩ 1593
Ԫ 399
ԫ 2002
Ԭ 3287
ԭ 141
Ԯ 1549
ԯ 3676
԰ 835
Ա 899
Բ 457
Գ 1664
Դ 523
Ե 814
Զ 524
Է 3011
Ը 302
Թ 1034
Ժ 866
Ի 1398
Լ 1092
Խ 546
Ծ 633
Կ 3277
 2733
 2774
 199
 1032
 1783
 3416
 405
 2467
 3641
 872
 393
 2389
 3071
 2912
 2061
 1443
 2447
 2047
 481
 414
 2996
 2223
 395
 1957
 363
 120
 927
 1579
 1667
 1193
 2088
 1805
 3303
 291
 1541
 3094
 2596
 2844
 1187
 2256
 4000
 2720
 1178
 617
 2209
 2635
 2602
 652
 416
 844
 1932
 4518
 172
 1234
 2081
 204
 2660
 1091
 4431
 3034
 2396
 1860
ա 52
բ 2838
գ 3946
դ 3983
ե 3961
զ 1371
է 3165
ը 1710
թ 808
ժ 1659
ի 2546
լ 1200
խ 1799
ծ 2898
կ 3048
հ 1953
ձ 4404
ղ 3412
ճ 2198
մ 743
յ 4246
ն 1339
շ 3553
ո 1991
չ 378
պ 4640
ջ 3142
ռ 711
ս 17
վ 1422
տ 2157
 3244
 3940
 723
 1547
 3042
 345
 875
 2241
 2466
 1265
 3875
 188
 2863
 3595
 1578
 1001
 3082
 670
 3232
 1884
 1229
 3575
 3471
 3521
 1859
 2956
 1221
 2454
 3565
 2983
 74
 4774
 3270
 98
 2225
 1120
 3984
 506
 4543
 5014
 2029
 3197
 1510
 3293
 2965
 4940
 333
 1469
 1458
 919
 153
 2806
 1639
 3247
 86
 4413
 18
 3919
 453
 1950
 684
 449
֡ 4407
֢ 2178
֣ 1449
֤ 698
֥ 2001
֦ 2199
֧ 820
֨ 4309
֩ 4004
֪ 35
֫ 2975
֬ 1874
֭ 3648
֮ 326
֯ 1031
ְ 366
ֱ 605
ֲ 1668
ֳ 2311
ִ 1345
ֵ 592
ֶ 4527
ַ 1643
ָ 491
ֹ 1356
ֺ 3369
ֻ 145
ּ 2717
ֽ 618
־ 683
ֿ 1767
 3467
 131
 468
 1049
 1810
 2747
 122
 933
 2048
 3480
 496
 1528
 953
 272
 3523
 470
 4761
 1854
 1204
 750
 817
 175
 475
 375
 2286
 341
 1029
 917
 1911
 1913
 3308
 2601
 3988
 3160
 4127
 1088
 2646
 3945
 2786
 912
 1912
 2510
 2433
 2475
 1272
 3719
 1438
 619
 2400
 1709
 4429
 2652
 971
 72
 1480
 665
 342
 4097
 2799
 1746
 630
ס 521
ע 668
ף 1931
פ 1155
ץ 442
צ 692
ק 4267
ר 412
ש 2736
ת 1159
׫ 2103
׬ 191
׭ 3056
׮ 1011
ׯ 1255
װ 655
ױ 3067
ײ 1113
׳ 1189
״ 1269
׵ 3240
׶ 2592
׷ 1135
׸ 4577
׹ 3248
׺ 1644
׻ 3962
׼ 96
׽ 1708
׾ 2566
׿ 2332
 1259
 2645
 3375
 4045
 1061
 161
 1209
 911
 2584
 1866
 248
 1748
 230
 3623
 3770
 2886
 2338
 3815
 4214
 114
 59
 4063
 598
 5025
 2341
 3204
 2024
 1373
 328
 2363
 2906
 725
 2041
 4525
 486
 391
 3339
 101
 616
 4879
 1653
 1030
 1495
 3304
 1165
 2701
 357
 1589
 580
 1138
 2297
 489
 2078
 2966
 147
 168
 1317
 1328
أ 2540
ؤ 4344
إ 4632
ئ 4841
ا 4750
ب 3430
ة 4837
ث 4585
ج 2668
خ 3325
ذ 4126
ز 3251
س 4963
ص 2659
ط 3880
ظ 5052
ع 2648
ؽ 3334
 5016
 4544
 4249
 4586
 4067
 2301
 4767
 2842
 2656
 4907
 4466
 5035
 4443
 4140
 2535
 2716
 4274
 4220
 4500
 3943
 4791
 1706
 3860
 4827
 4144
 3784
 5067
 4549
٢ 2376
٩ 3074
٪ 3371
ٮ 3624
ٯ 3677
ٲ 4110
ٳ 4828
ٵ 4912
ٸ 2371
ٹ 2571
ٻ 3418
ټ 1622
پ 4409
ٿ 3956
 4447
 4797
 4027
 3394
 2019
 3249
 4028
 4550
 2092
 5080
 3264
 4851
 2826
 4503
 4253
 4182
 4254
 3883
 4194
 3385
 4080
 4397
 4268
 4564
 4468
 4758
 3992
ڡ 5078
ڣ 4023
ڤ 2420
ڨ 4665
ک 2285
ګ 4454
ڬ 4055
ڭ 3305
ڮ 4213
گ 3070
ڰ 4836
ڱ 5068
ڵ 4589
ڶ 4420
ڸ 4911
ڹ 3411
ں 4614
ڻ 1631
ڼ 4992
ڽ 5043
ھ 4554
 2706
 2712
 4122
 5010
 4519
 4057
 4856
 3262
 3450
 4058
 5048
 2507
 4514
 2580
 4230
 4467
 4663
 4432
 3001
 3221
 4457
 4099
 4283
 5033
 4123
 4908
 4822
 4588
ۡ 3907
ۢ 4169
ۣ 4864
ۤ 4633
۩ 4924
ۯ 4616
۳ 4173
۶ 3447
۹ 3865
ۻ 3701
ۼ 4904
 3957
 4790
 4739
 4251
 2527
 4873
 3874
 2530
 4604
 3101
 4163
 4756
 1886
 4515
 4611
 3526
 3976
 4693
 4612
 3862
 4181
 3693
 4812
 4041
 4613
 4068
ܥ 4844
ܫ 4903
ܭ 4484
ܰ 2624
ܲ 3464
ܸ 4033
ܼ 3073
ܽ 3881
ܾ 4884
ܿ 3655
 4882
 3725
 1897
 2997
 4700
 3352
 4763
 4965
 3257
 3994
 4895
 4710
 4998
 5045
 4354
 4415
 4469
 3400
 5060
 4069
 4871
 3732
 4353
 2095
 3778
 2010
 4531
 2046
ݡ 4817
ݤ 3729
ݥ 4855
ݫ 3727
ݬ 2995
ݮ 3914
ݯ 3263
ݰ 4321
ݱ 3650
ݶ 4153
ݷ 2031
ݸ 3409
ݹ 4392
ݺ 4384
ݼ 4714
 4562
 2640
 2011
 4393
 2849
 2446
 4228
 2027
 4352
 4751
 4338
 2502
 4877
 4530
 3765
 4545
 4621
ޡ 3357
ޣ 4896
ޥ 4648
ި 4229
ެ 4489
ޭ 4587
ޱ 3459
޷ 4628
޹ 3831
޺ 4006
 3560
 4754
 2532
 4522
 4146
 4206
 3721
 4202
 4201
 4542
 4899
 4748
 3834
 4859
 4945
 4961
 2888
 3315
 4452
 5029
 4303
 4946
 1625
 3705
 1724
 5070
 4507
 3085
ߢ 4381
ߣ 4460
ߦ 2456
ߪ 5057
߬ 3803
߮ 2517
߯ 1289
߱ 4943
߲ 4813
߳ 3828
ߴ 4430
ߵ 2221
߶ 2982
߷ 4799
߸ 4905
ߺ 3153
߽ 5050
 4399
 4104
 4325
 4964
 4191
 4785
 4401
 3359
 4501
 2139
 1788
 4786
 3341
 3829
 3849
 1771
 4078
 4308
 3889
 3212
 4814
 5039
 4704
 4348
 4645
 4290
 2353
 1994
 3180
 3487
 4565
 4433
 4933
 4227
 4383
 4380
 4662
 3852
 1734
 1772
 1814
 1689
 4631
 4860
 4462
 3844
 2372
 3163
 4245
 1775
 4725
 4705
 1420
 3848
 2488
 1776
 909
 4526
 4624
 3208
 3850
 1735
 3310
 4016
 3311
 4292
 3127
 3256
 4732
 4184
 4835
 4359
 4065
 3146
 4713
 2506
 3016
 4486
 3670
 4818
 2940
 3863
 5065
 4458
 2869
 2561
 3864
 3750
 3749
 3130
 3020
 4053
 4200
 2939
 4776
 3942
 1248
 1586
 3541
 4440
 3759
 3540
 1249
 2018
 4081
 4805
 4777
 3698
 959
 4595
 4959
 4619
 3594
 4012
 4388
 3835
 4304
 3872
 4387
 3099
 4208
 4802
 4647
 4967
 4571
 4972
 4706
 4608
 3769
 2904
 4465
 4685
 1257
 4269
 4422
 2878
 3451
 2930
 4887
 3184
 4335
 1682
 4374
 3331
 3985
 2310
 4547
 2729
 4684
 3920
 4926
 4014
 4198
 3178
 4240
 4881
 3484
 4925
 3483
 3131
 3126
 4771
 4874
 4688
 4162
 4629
 4098
 3316
 3444
 2023
 5072
 4244
 4728
 4690
 5022
 4160
 2821
 4833
 4385
 4516
 3935
 4975
 3639
 2612
 2871
 4944
 3799
 5058
 3468
 4707
 4829
 4350
 2503
 1054
 1850
 4316
 2521
 4131
 4052
 3461
 4119
 4762
 3751
 3897
 4535
 4872
 3873
 4085
 4482
 4941
 4816
 3651
 3555
 3345
 4155
 4070
 4117
 4930
 4315
 3335
 1052
 4504
 4806
 4084
 3637
 3794
 4995
 4390
 4573
 1970
 4147
 3968
 3682
 4623
 4349
 4655
 4590
 4444
 3012
 4644
 4083
 4287
 4994
 4212
 2307
 1937
 4502
 3403
 3720
 2533
 3817
 4042
 4159
 2616
 4323
 2482
 4091
 3363
 2302
 2249
 3579
 4125
 3668
 4654
 2824
 3901
 4170
 3382
 4386
 4634
 3997
 4105
 4289
 3894
 4635
 1610
 3996
 2856
 4275
 2150
 4808
 3974
 3790
 3783
 3893
 3673
 3423
 4749
 2068
 4470
 3426
 3515
 3900
 5021
 4974
 3758
 3511
 3969
 4772
 4607
 3389
 4811
 4441
 4215
 4990
 4567
 3463
 4955
 1680
 4757
 4216
 4334
 3441
 3486
 2558
 4176
 4639
 4108
 4038
 4578
 3633
 3193
 3775
 4299
 4339
 3531
 4667
 4451
 3414
 3771
 4001
 2313
 3424
 3908
 3706
 3812
 5018
 4626
 4305
 3040
 3533
 4051
 4511
 4326
 5013
 4863
 4759
 3415
 3091
 4396
 4637
 4143
 4233
 1382
 3239
 4158
 4464
 4371
 4009
 2790
 4744
 4745
 4410
 4015
 2932
 4743
 3638
 4558
 2772
 4319
 4008
 4652
 3192
 2822
 4499
 4382
 4807
 3379
 2033
 1674
 3381
 3421
 5001
 3438
 4232
 4768
 4559
 4328
 4850
 3404
 3199
 2944
 4040
 4375
 4285
 3795
 5005
 3420
 3445
 3757
 4311
 4834
 4991
 3391
 3789
 4695
 2455
 3452
 3378
 3374
 4839
 4733
 2867
 3723
 2501
 2828
 3589
 4395
 4656
 3772
 2829
 5012
 4139
 4729
 4988
 5028
 3225
 3887
 3722
 3599
 4766
 4210
 4875
 4412
 2497
 4668
 4463
 4039
 4278
 4211
 4258
 4270
 4247
F 2434
 4857
 4280
 4165
 3408
 4351
 4973
 2289
 3685
 4434
 4102
 4024
 4914
 4878
 4121
 4248
 2498
 3425
 4779
 3488
 3938
 3603
 2444
 4989
 4721
 5054
 4958
 2288
 4064
 3941
 4609
 2509
 4809
 4435
 3807
 3195
 4782
 4677
 3021
 4183
 3557
 3927
 2327
 3578
 4949
 2787
 4731
 2098
 4956
 2548
 4950
 2326
 4951
 4679
 4742
 5006
 3474
 4327
 4043
 4740
 4741
 3470
 4302
 3622
 4035
 4832
 4735
 4605
 3222
 4736
 5061
 4892
 1834
 3405
 4557
 3787
 4044
 4576
 2143
 3877
 3318
 4495
 3183
 4120
 5053
 4780
 4322
 1133
 3455
 5007
 4738
 4175
 1666
 3590
 4642
 4638
 2636
 2637
 2104
 4560
 4920
 3355
 3700
 4793
 2487
 3646
 4804
 4271
 4226
 3201
 3674
 4746
 4479
 1527
 4225
 3482
 5044
 4854
 3237
 3442
 4919
 5075
 3478
 3502
 4411
 4900
 3808
 463
 5063
 3924
` 4599
 4520
 4928
 4888
 865
 3643
 4993
 3364
 4337
 4449
 3351
 2678
 5066
 4113
 4112
 4291
 3380
 3838
 3207
 3350
 4523
 5019
 4849
 4826
 4367
 4825
 4952
 4602
 4005
 3443
 4563
 3747
 4880
 2746
 4889
 4471
 3320
 3965
 3542
 2693
 3274
 4646
 4553
 4061
 4050
 3921
 4606
 3954
 3953
 2702
 2931
 4485
 4927
 4843
 3952
 3500
 2758
 4971
 2684
 4694
 4345
 4676
 2908
 3866
 4660
 4130
 4764
 4521
 3847
 4510
 2938
 4669
 3182
 4279
 5062
 1887
 2218
 4391
 4670
 4424
 3567
 4423
 4555
 3139
 4689
 3950
 3855
 3816
 4672
 3763
 4698
 3046
 4723
 4195
 5002
 3793
 4150
 4037
 4650
 3397
 4649
 4936
 4778
 2594
 5051
 5009
 3501
 3684
 4938
 2528
 3476
 4036
 4939
 3791
 4622
 4830
 3713
 4996
 3596
 3636
 2810
 2761
 4575
 3627
 4438
 3932
 4773
 4724
 3712
 4340
 3454
 2320
 4394
 3608
 4847
 4552
 4439
 3657
 3306
 4524
 2745
 4405
 4164
 4582
 4079
 2885
 4512
 4513
 5077
 4820
 3811
 4561
 4284
 2492
 5056
 2496
 4957
 4491
 3895
 2493
 5034
 3079
 4868
 4673
 4492
 2987
 5038
 4867
 2495
 4617
 4002
 4845
 2680
 4815
 4237
 4962
 4566
 3691
 4403
 2691
 4831
 4152
 5064
 3045
 4361
 3290
 2040
 4680
 1494
 2690
 4156
 4442
 4603
 4866
 4918
 4082
 1591
 4922
 4476
 4505
 2587
 3998
 4712
 4711
 1222
 2096
 4581
 3936
 570
 3868
 4803
 4701
 4643
 2590
 4915
 5020
 4483
 3473
 2917
 4781
 5015
 3326
 2525
 3658
 4446
 5074
 4697
 4671
 3824
 4448
 4236
 4737
 4426
 4129
 4898
 4445
 4217
 4134
 4536
 4060
 4128
 4537
 3760
 3667
 3664
 3150
 4377
 3078
 4568
 3077
 4192
 5032
 4427
 4369
 4428
 4199
 4620
 3926
 4574
 3489
 2097
 4095
 4196
 4398
 3746
 4717
 4894
 3948
 3861
 4049
 4795
 3903
 4294
 5023
 2452
 3448
 4696
 4703
 3917
 3788
 4661
 4819
 3796
 3925
 4416
 3999
 3069
 4556
 5017
 2951
 4691
 3561
 3904
 4592
 3905
 4474
 4953
 3776
 4770
 4295
 3564
 4540
 2633
 4769
 4318
 5024
 3015
 4753
 4389
 4681
 4718
 3937
 3140
 3754
 3558
 4490
 2145
 4708
 4675
 4596
 4109
 2261
 2260
 4148
 5046
 4517
 5076
 4910
 4909
 4977
 4901
 4417
 4570
 3826
 2564
 4494
 4239
 3368
 4683
 5027
 3756
 3535
 3971
 4364
 2422
 2605
 4238
 4021
 3246
 4858
 5079
 2784
 2915
 5026
 4363
 3884
 4572
 3417
 4133
 2968
 3885
 3317
 4890
 3802
 3899
 4307
 4823
 4286
 4840
 3576
 4241
 4136
 3492
 4916
 1787
 4600
 4917
 3669
 3214
 4252
 5030
 5036
 2748
 2013
 3530
 5003
 4533
 3825
 4870
 4277
 263
 4101
 4821
 3686
 2815
 2814
 5000
 3837
 2551
 3995
 3679
 4618
 4262
 4869
 4999
 4056
 4861
 3702
 4862
 2974
 3084
 2442
 4260
 4259
 2994
 2526
 4966
 4281
 2057
 4765
 4824
 3387
 4852
 4954
 4921
 4047
 2907
 2542
 3061
 4893
 4478
 4541
 3453
 3840
