22
87 339 508 83 523 347 3873 523 139 2661 83 12 497 448 1851 1133 1462 889 16 98 1016 1783 
27
974 791 1827 958 2011 16 3873 523 86 269 183 14 83 523 16 185 338 634 108 59 680 366 6 7 448 16 1566 
16
63 100 140 16 564 1113 452 453 86 1827 2195 816 83 656 2 1566 
15
922 83 523 365 542 144 416 417 16 3873 1271 86 269 183 1566 
14
20 173 725 420 478 3873 523 875 479 106 0 816 83 1783 
12
729 412 2162 416 417 16 176 523 87 95 96 1566 
17
922 958 2011 185 338 634 108 59 680 366 898 348 958 2011 269 183 1783 
16
31 16 471 560 561 1178 0 6 7 56 3309 3309 16 471 230 1566 
8
235 6 31 224 242 243 24 1566 
11
224 262 86 106 7 568 1497 115 7 182 1783 
